1.9117
0.089718
0.08822
0.098504
0.076437
0.066444
0.071677
0.065574
0.068538
0.064863
0.065098
0.067182
0.065752
0.082084
0.067501
0.067858
0.065315
0.068549
0.066032
0.065679
0.067665
0.067324
0.064758
0.068648
0.065753
0.06621
0.067694
0.066841
0.065297
0.068491
0.065808
0.067714
0.064951
0.068322
0.065708
0.066682
0.067087
0.066356
0.067164
0.067643
0.06565
0.067435
0.066276
0.066124
0.067339
0.067065
0.064924
0.068653
0.066174
0.065661
0.067352
0.067661
0.064497
0.068972
0.065613
0.066403
0.067113
0.068006
0.064672
0.068095
0.065234
0.068496
0.065761
0.066511
0.067318
0.067273
0.064491
0.068792
0.065852
0.066451
0.068729
0.066923
0.063822
0.068291
0.066436
0.066243
0.066686
0.067763
0.065021
0.068559
0.065684
0.066676
0.066734
0.067845
0.064454
0.068872
0.065759
0.068223
0.064132
0.068457
0.065225
0.067471
0.067412
0.065835
0.066948
0.067583
0.064638
0.068417
0.06657
0.066093
0.066947
0.06758
0.064685
0.067845
0.067149
0.067593
0.065061
0.068193
0.064581
0.06841
0.066283
0.06624
0.15111
